0.0821 0.0000 0.0075 0.0299 0.0448 0.0896 0.0075 0.0597 0.0448 0.0522 0.0149 0.0896 0.0522 0.0448 0.0373 0.1194 0.0896 0.0746 0.0075 0.0522 10.18
0.1073 0.0000 0.0429 0.0987 0.0365 0.0665 0.0064 0.0644 0.0687 0.1030 0.0236 0.0601 0.0408 0.0408 0.0429 0.0558 0.0579 0.0579 0.0086 0.0172 4.75
0.0755 0.0000 0.0566 0.0943 0.0404 0.0512 0.0027 0.0620 0.0728 0.0916 0.0189 0.0593 0.0296 0.0647 0.0566 0.0458 0.0647 0.0916 0.0081 0.0135 4.88
0.0769 0.0051 0.0513 0.0769 0.0462 0.0872 0.0103 0.0564 0.0410 0.0718 0.0256 0.0769 0.0615 0.0256 0.0359 0.0410 0.0974 0.0667 0.0103 0.0359 4.36
0.0727 0.0038 0.0688 0.0650 0.0229 0.0860 0.0096 0.0650 0.0402 0.0593 0.0153 0.0650 0.0229 0.0593 0.0306 0.0956 0.0975 0.0554 0.0076 0.0574 4.18
0.0655 0.0106 0.0673 0.0549 0.0336 0.0726 0.0177 0.0496 0.0531 0.0779 0.0283 0.0832 0.0584 0.0283 0.0389 0.0655 0.0655 0.0442 0.0283 0.0566 4.93
0.0771 0.0021 0.0899 0.1199 0.0407 0.0857 0.0278 0.0664 0.0343 0.0685 0.0107 0.0428 0.0471 0.0428 0.0471 0.0343 0.0578 0.0642 0.0128 0.0278 4.05
0.0825 0.0063 0.1048 0.1460 0.0222 0.0762 0.0317 0.0603 0.0127 0.0857 0.0032 0.0159 0.0254 0.0444 0.0571 0.0825 0.0540 0.0635 0.0127 0.0127 3.86
0.0885 0.0066 0.1311 0.1344 0.0426 0.0623 0.0328 0.0361 0.0393 0.0525 0.0197 0.0230 0.0492 0.0262 0.0361 0.0492 0.0492 0.0754 0.0164 0.0295 3.84
0.1043 0.0000 0.1257 0.1203 0.0321 0.0722 0.0080 0.0374 0.0455 0.0348 0.0160 0.0267 0.0294 0.0561 0.0455 0.0882 0.0802 0.0401 0.0241 0.0134 3.83
0.0841 0.0000 0.1340 0.1028 0.0249 0.0561 0.0125 0.0654 0.0218 0.0966 0.0218 0.0530 0.0436 0.0156 0.0530 0.0467 0.0779 0.0530 0.0187 0.0187 3.76
0.0892 0.0000 0.1385 0.1127 0.0329 0.0751 0.0117 0.0423 0.0164 0.0563 0.0258 0.0376 0.0399 0.0258 0.0258 0.0681 0.0634 0.0986 0.0164 0.0235 3.43
0.0231 0.0000 0.1769 0.0923 0.0385 0.0692 0.0231 0.0462 0.0000 0.0615 0.0154 0.0000 0.0462 0.0385 0.0462 0.1154 0.1000 0.0692 0.0000 0.0385 3.54
0.0791 0.0000 0.0237 0.0158 0.0356 0.0672 0.0119 0.0632 0.0395 0.0988 0.0277 0.0395 0.0553 0.0277 0.0198 0.0830 0.1107 0.1423 0.0079 0.0514 9.65
0.1992 0.0000 0.0081 0.0407 0.0407 0.0894 0.0041 0.0772 0.0163 0.1748 0.0325 0.0203 0.0488 0.0122 0.0325 0.0407 0.0325 0.0976 0.0122 0.0203 7.52
0.0957 0.0000 0.0319 0.0406 0.0261 0.0638 0.0058 0.0841 0.0348 0.0812 0.0145 0.0551 0.0667 0.0609 0.0348 0.0783 0.0725 0.0754 0.0087 0.0696 6.55
0.1667 0.0000 0.0069 0.0694 0.0278 0.0694 0.0139 0.0347 0.0833 0.0764 0.0278 0.0556 0.0764 0.0486 0.0347 0.0486 0.0417 0.0556 0.0069 0.0556 9.98
0.0708 0.0354 0.0708 0.0708 0.0088 0.0531 0.0177 0.1416 0.0885 0.0619 0.0265 0.0354 0.0265 0.0265 0.0885 0.0531 0.0619 0.0177 0.0000 0.0442 8.92
0.0216 0.0000 0.0791 0.0791 0.0432 0.0647 0.0000 0.1295 0.0360 0.1007 0.0360 0.0072 0.0576 0.0360 0.0935 0.0360 0.0360 0.0791 0.0144 0.0504 4.67
0.1062 0.0000 0.0375 0.0437 0.0625 0.0437 0.0000 0.0625 0.0625 0.1062 0.0312 0.0500 0.0375 0.0250 0.0250 0.0500 0.0813 0.0813 0.0125 0.0813 8.63
0.0364 0.0364 0.0409 0.0318 0.0409 0.0909 0.0136 0.0682 0.0273 0.0773 0.0136 0.0818 0.0545 0.0364 0.0091 0.0955 0.0818 0.0409 0.0091 0.1136 4.35
0.0863 0.0000 0.0863 0.0714 0.0476 0.0506 0.0179 0.0685 0.0774 0.0744 0.0238 0.0565 0.0327 0.0357 0.0357 0.0536 0.0714 0.0625 0.0089 0.0387 4.69
0.0863 0.0000 0.0863 0.0714 0.0476 0.0506 0.0179 0.0685 0.0774 0.0744 0.0238 0.0565 0.0327 0.0357 0.0357 0.0536 0.0714 0.0625 0.0089 0.0387 4.69
0.0747 0.0000 0.0779 0.0649 0.0325 0.0649 0.0097 0.0584 0.0357 0.1071 0.0162 0.0487 0.0325 0.0390 0.0552 0.0714 0.0714 0.1039 0.0097 0.0260 4.38
0.0791 0.0000 0.0237 0.0158 0.0356 0.0672 0.0119 0.0632 0.0395 0.0988 0.0277 0.0395 0.0553 0.0277 0.0198 0.0830 0.1107 0.1423 0.0079 0.0514 9.65
0.1992 0.0000 0.0081 0.0407 0.0407 0.0894 0.0041 0.0772 0.0163 0.1748 0.0325 0.0203 0.0488 0.0122 0.0325 0.0407 0.0325 0.0976 0.0122 0.0203 7.52
0.0821 0.0000 0.0075 0.0299 0.0448 0.0896 0.0075 0.0597 0.0448 0.0522 0.0149 0.0896 0.0522 0.0448 0.0373 0.1194 0.0896 0.0746 0.0075 0.0522 10.18
0.0957 0.0000 0.0319 0.0406 0.0261 0.0638 0.0058 0.0841 0.0348 0.0812 0.0145 0.0551 0.0667 0.0609 0.0348 0.0783 0.0725 0.0754 0.0087 0.0696 6.55
