function lut = lutbranchpoints
%LUTBRANCHPOINTS Compute "branch point candidates" look-up table.

%   Copyright 2008 The MathWorks, Inc.
%   $Revision: 1.1.6.1 $  $Date: 2008/10/26 14:24:32 $

% lut was created using the following function.
%
% function lut = makeBranchPointsLUT()
% lut = makelut(@branchpoint_fcn, 3);
%-------------------------------------------------------------------%
% function count = branchpoint_fcn(nhood)
% if (nhood(2,2))
%        count = sum(nhood(:)) - 1;
%        count = (count > 2);       
% else
%        count = 	0;
% end
%
% REFERENCES
% T.Yung Kong and Azriel Rosenfeld, editors. Topological Algorithms for
% Digital Image Processing, 101-106. Elsevier Science Inc., New York, NY, 
% USA, 1996. 

lut = [ ...
     0     0     0     0     0     0     0     0     0     0     0     0 ...
     0     0     0     0     0     0     0     0     0     0     0     1 ...
     0     0     0     1     0     1     1     1     0     0     0     0 ...
     0     0     0     0     0     0     0     0     0     0     0     0 ...
     0     0     0     1     0     1     1     1     0     1     1     1 ...
     1     1     1     1     0     0     0     0     0     0     0     0 ...
     0     0     0     0     0     0     0     0     0     0     0     1 ...
     0     1     1     1     0     1     1     1     1     1     1     1 ...
     0     0     0     0     0     0     0     0     0     0     0     0 ...
     0     0     0     0     0     1     1     1     1     1     1     1 ...
     1     1     1     1     1     1     1     1     0     0     0     0 ...
     0     0     0     0     0     0     0     0     0     0     0     0 ...
     0     0     0     1     0     1     1     1     0     1     1     1 ...
     1     1     1     1     0     0     0     0     0     0     0     0 ...
     0     0     0     0     0     0     0     0     0     1     1     1 ...
     1     1     1     1     1     1     1     1     1     1     1     1 ...
     0     0     0     0     0     0     0     0     0     0     0     0 ...
     0     0     0     0     0     1     1     1     1     1     1     1 ...
     1     1     1     1     1     1     1     1     0     0     0     0 ...
     0     0     0     0     0     0     0     0     0     0     0     0 ...
     1     1     1     1     1     1     1     1     1     1     1     1 ...
     1     1     1     1     0     0     0     0     0     0     0     0 ...
     0     0     0     0     0     0     0     0     0     0     0     1 ...
     0     1     1     1     0     1     1     1     1     1     1     1 ...
     0     0     0     0     0     0     0     0     0     0     0     0 ...
     0     0     0     0     0     1     1     1     1     1     1     1 ...
     1     1     1     1     1     1     1     1     0     0     0     0 ...
     0     0     0     0     0     0     0     0     0     0     0     0 ...
     0     1     1     1     1     1     1     1     1     1     1     1 ...
     1     1     1     1     0     0     0     0     0     0     0     0 ...
     0     0     0     0     0     0     0     0     1     1     1     1 ...
     1     1     1     1     1     1     1     1     1     1     1     1 ...
     0     0     0     0     0     0     0     0     0     0     0     0 ...
     0     0     0     0     0     1     1     1     1     1     1     1 ...
     1     1     1     1     1     1     1     1     0     0     0     0 ...
     0     0     0     0     0     0     0     0     0     0     0     0 ...
     1     1     1     1     1     1     1     1     1     1     1     1 ...
     1     1     1     1     0     0     0     0     0     0     0     0 ...
     0     0     0     0     0     0     0     0     1     1     1     1 ...
     1     1     1     1     1     1     1     1     1     1     1     1 ...
     0     0     0     0     0     0     0     0     0     0     0     0 ...
     0     0     0     0     1     1     1     1     1     1     1     1 ...      
     1     1     1     1     1     1     1     1];
     
lut = lut(:);