function [X,Y] = generateQuestionMarkIconData

X = 0.1 * [ 3.5 4 5 6 5 4 4 NaN 4 3.5 4 4.5 4 ];
Y = 0.1 * [ 6.5 7 7 6 5 5 4 NaN 3 2.5 2 2.5 3 ];  