%Data from Eclipse run

%   Copyright 2007 The MathWorks, Inc.

throttlePos = [0.000000,...
               0.000000,...
               0.000000,...
               0.000001,...
               0.000001,...
               0.000001,...
               0.000001,...
               0.000002,...
               0.000002,...
               0.000002,...
               0.000001,...
               0.000001,...
               0.000001,...
               0.000001,...
               0.000001,...
               0.000001,...
               0.000001,...
               0.000001,...
               0.000001,...
               0.000001,...
               0.000001,...
               0.000001,...
               0.000001,...
               0.000001,...
               0.000001,...
               0.000000,...
               -0.000000,...
               -0.000001,...
               -0.000003,...
               -0.000004,...
               -0.000005,...
               -0.000006,...
               -0.000006,...
               -0.000007,...
               -0.000008,...
               -0.000009,...
               -0.000010,...
               -0.000012,...
               -0.000014,...
               -0.000017,...
               -0.000019,...
               -0.000021,...
               -0.000023,...
               -0.000025,...
               -0.000027,...
               -0.000029,...
               -0.000030,...
               -0.000032,...
               -0.000033,...
               -0.000035,...
               -0.000036,...
               -0.000037,...
               -0.000037,...
               -0.000038,...
               -0.000040,...
               -0.000042,...
               -0.000045,...
               -0.000049,...
               -0.000053,...
               -0.000056,...
               -0.000059,...
               -0.000062,...
               -0.000065,...
               -0.000067,...
               -0.000068,...
               -0.000069,...
               -0.000071,...
               -0.000072,...
               -0.000073,...
               -0.000075,...
               -0.000076,...
               -0.000078,...
               -0.000079,...
               -0.000080,...
               -0.000081,...
               -0.000082,...
               -0.000083,...
               -0.000083,...
               -0.000083,...
               -0.000082,...
               -0.000081,...
               -0.000080,...
               -0.000079,...
               -0.000078,...
               -0.000077,...
               -0.000075,...
               -0.000073,...
               -0.000071,...
               -0.000070,...
               -0.000068,...
               -0.000067,...
               -0.000065,...
               -0.000064,...
               -0.000063,...
               -0.000062,...
               -0.000060,...
               -0.000059,...
               -0.000058,...
               -0.000057,...
               -0.000056,...
               -0.000055,...
               -0.000054,...
               -0.000053,...
               -0.000052,...
               -0.000051,...
               -0.000050,...
               -0.000049,...
               -0.000048,...
               -0.000047,...
               -0.000047,...
               -0.000048,...
               -0.000049,...
               -0.000051,...
               -0.000052,...
               -0.000053,...
               -0.000053,...
               -0.000053,...
               -0.000053,...
               -0.000052,...
               -0.000052,...
               -0.000052,...
               -0.000052,...
               -0.000052,...
               -0.000051,...
               -0.000050,...
               -0.000049,...
               -0.000048,...
               -0.000047,...
               -0.000046,...
               -0.000044,...
               -0.000043,...
               -0.000042,...
               -0.000040,...
               -0.000039,...
               -0.000038,...
               -0.000037,...
               -0.000036,...
               -0.000035,...
               -0.000034,...
               -0.000033,...
               -0.000033,...
               -0.000032,...
               -0.000031,...
               -0.000031,...
               -0.000030,...
               -0.000029,...
               -0.000029,...
               -0.000029,...
               -0.000031,...
               -0.000034,...
               -0.000036,...
               -0.000039,...
               -0.000041,...
               -0.000043,...
               -0.000045,...
               -0.000047,...
               -0.000049,...
               -0.000050,...
               -0.000052,...
               -0.000053,...
               -0.000053,...
               -0.000052,...
               -0.000052,...
               -0.000051,...
               -0.000049,...
               -0.000047,...
               -0.000046,...
               -0.000044,...
               -0.000043,...
               -0.000043,...
               -0.000044,...
               -0.000045,...
               -0.000046,...
               -0.000047,...
               -0.000047,...
               -0.000047,...
               -0.000047,...
               -0.000047,...
               -0.000047,...
               -0.000047,...
               -0.000047,...
               -0.000047,...
               -0.000046,...
               -0.000047,...
               -0.000047,...
               -0.000048,...
               -0.000048,...
               -0.000049,...
               -0.000050,...
               -0.000050,...
               -0.000051,...
               0.002309,...
               0.009310,...
               0.020778,...
               0.036448,...
               0.055855,...
               0.078521,...
               0.104200,...
               0.132545,...
               0.163115,...
               0.195549,...
               0.229542,...
               0.264862,...
               0.301137,...
               0.338061,...
               0.375421,...
               0.412918,...
               0.450268,...
               0.487232,...
               0.523605,...
               0.559195,...
               0.593921,...
               0.627736,...
               0.660472,...
               0.692023,...
               0.722400,...
               0.751572,...
               0.779507,...
               0.806214,...
               0.831690,...
               0.855929,...
               0.878934,...
               0.900726,...
               0.921346,...
               0.940849,...
               0.959270,...
               0.976647,...
               0.993032,...
               1.008479,...
               1.023036,...
               1.036753,...
               1.049675,...
               1.061844,...
               1.073301,...
               1.084087,...
               1.094233,...
               1.103762,...
               1.112705,...
               1.121089,...
               1.128938,...
               1.136282,...
               1.143146,...
               1.149538,...
               1.155465,...
               1.160940,...
               1.165982,...
               1.170626,...
               1.174911,...
               1.178844,...
               1.182410,...
               1.185619,...
               1.188497,...
               1.191072,...
               1.193342,...
               1.195314,...
               1.197020,...
               1.198466,...
               1.199653,...
               1.200609,...
               1.201359,...
               1.201912,...
               1.202271,...
               1.202445,...
               1.202441,...
               1.202276,...
               1.201959,...
               1.201493,...
               1.200890,...
               1.200166,...
               1.199335,...
               1.198398,...
               1.197350,...
               1.196201,...
               1.194953,...
               1.193599,...
               1.192155,...
               1.190640,...
